0.0 2.1318160174803626 0.8815759214190371 0.0 0.0 
1.2634680065053783 0.0 1.6150925502560092 0.0 0.0 
0.7667955447228472 0.0 2.622919963425451 0.0 0.0 
1.5490070000831326 0.0 3.6648245690791574 0.0 0.0 
2.680321279929 0.0 0.9633156865435357 0.0 0.0 
1.4875380753623841 0.0 1.2958189705013263 0.0 0.0 
0.5671969055024105 0.0 2.274871343603171 0.0 0.0 
1.3013773963347433 0.0 3.39908595701103 0.0 0.0 
2.182966744708137 0.0 0.871116629061983 0.0 0.0 
1.3162495132794054 0.0 1.5062306985225529 0.0 0.0 
0.7345039645929303 0.0 2.3353515589223908 0.0 0.0 
1.3575951927285244 0.0 3.375050762076005 0.0 0.0 
2.1783517869508846 0.0 0.8470574665611658 0.0 0.0 
1.2965299558439904 0.0 1.4967386160009177 0.0 0.0 
0.6391997544126249 0.0 2.333672286177761 0.0 0.0 
1.4111481386249616 0.0 3.300512242592433 0.0 0.0 
2.300239823411271 0.0 1.5509537543218324 0.0 0.0 
2.64257489157594 0.0 1.4017731043744095 0.0 0.0 
0.9900964667311924 0.0 2.0978171873385376 0.0 0.0 
1.3998104625426135 0.0 3.2361454026972467 0.0 0.0 
2.176461455274232 1.6277681175750112 0.0 0.0 0.0 
0.0 0.15975817100000003 0.26990944507169007 0.0 0.0 
0.8289428453900001 0.0 0.030295576241000002 0.0 0.0 
0.15975817100000003 0.0 0.15975817100000003 0.0 0.0 
0.005129900000000002 0.0 1.8289428453900003 0.0 0.0 
0.15975817100000003 0.0 0.21811620998510006 0.0 0.0 
0.8289428453900001 0.0 0.018797045390000003 0.0 0.0 
0.15975817100000003 0.0 0.15975817100000003 0.0 0.0 
0.005129900000000002 0.0 1.8289428453900003 0.0 0.0 
0.15975817100000003 0.0 0.21811620998510006 0.0 0.0 
0.8289428453900001 0.0 0.018797045390000003 0.0 0.0 
0.15975817100000003 0.0 0.15975817100000003 0.0 0.0 
0.005129900000000002 0.0 1.8289428453900003 0.0 0.0 
0.15975817100000003 0.0 0.21811620998510006 0.0 0.0 
0.8289428453900001 0.0 0.018797045390000003 0.0 0.0 
0.15975817100000003 0.0 0.15975817100000003 0.0 0.0 
0.005129900000000002 0.0 1.8289428453900003 0.0 0.0 
0.15975817100000003 0.0 0.21811620998510006 0.0 0.0 
0.8289428453900001 0.0 0.018797045390000003 0.0 0.0 
0.15975817100000003 0.0 0.15975817100000003 0.0 0.0 
0.005129900000000002 0.0 1.8289428453900003 0.0 0.0 
0.15975817100000003 0.0 0.21811620998510006 0.0 0.0 
0.8289428453900001 0.0 0.018797045390000003 0.0 0.0 
0.15975817100000003 0.0 0.15975817100000003 0.0 0.0 
0.005129900000000002 0.0 1.8289428453900003 0.0 0.0 
0.15975817100000003 0.0 0.21811620998510006 0.0 0.0 
0.8289428453900001 0.0 0.018797045390000003 0.0 0.0 
0.15975817100000003 0.0 0.15975817100000003 0.0 0.0 
0.005129900000000002 0.0 1.8289428453900003 0.0 0.0 
0.15975817100000003 0.0 0.21811620998510006 0.0 0.0 
0.8289428453900001 0.0 0.018797045390000003 0.0 0.0 
0.15975817100000003 0.0 0.15975817100000003 0.0 0.0 
0.005129900000000002 0.0 1.8289428453900003 0.0 0.0 
0.15975817100000003 0.0 0.21811620998510006 0.0 0.0 
0.8289428453900001 0.0 0.018797045390000003 0.0 0.0 
0.15975817100000003 0.0 0.15975817100000003 0.0 0.0 
0.005129900000000002 0.0 1.8289428453900003 0.0 0.0 
0.15975817100000003 0.21811620998510006 0.0 0.0 0.0 
0.0 0.0 -0.002970019 0.0 0.0 
0.0 0.0 0.026103230000000005 0.0 0.0 
0.0 0.0 0.4667903000000001 0.0 0.0 
0.0 0.0 2.4355610000000008 0.0 0.0 
0.0 0.0 -0.002970019 0.0 0.0 
0.0 0.0 0.026103230000000005 0.0 0.0 
0.0 0.0 0.4667903000000001 0.0 0.0 
0.0 0.0 2.4355610000000008 0.0 0.0 
0.0 0.0 -0.002970019 0.0 0.0 
0.0 0.0 0.026103230000000005 0.0 0.0 
0.0 0.0 0.4667903000000001 0.0 0.0 
0.0 0.0 2.4355610000000008 0.0 0.0 
0.0 0.0 -0.0030377417149 0.0 0.0 
0.0 0.0 0.02413636394300001 0.0 0.0 
0.0 0.0 0.4484899643300001 0.0 0.0 
0.0 0.0 2.3895234341000005 0.0 0.0 
0.08891000000000002 0.0 -0.0021985250148999994 0.0 0.0 
-0.001 0.0 0.04280824094300001 0.0 0.0 
-0.001 0.0 0.5133782543300001 0.0 0.0 
-0.001 0.0 2.3895234341000005 0.0 0.0 
0.08891000000000002 0.008322694585100005 0.0 0.0 0.0 
0.0 1.1666541468618457 0.0 4.431609981417447 0.0 
0.0 1.7197837799606908 0.0 2.861224326548948 0.0 
0.0 -0.00199 0.0 2.6646790197496593 0.0 
0.0 0.018797045390000003 0.0 0.8289428453900001 0.0 
0.0 0.0 0.0 2.4355610000000008 0.0 
0.0 0.23364326894300005 0.0 -0.001 0.0 
0.0 0.554427296247273 0.0 2.4541280680092488 0.0 
0.0 2.4551808842310585 0.0 1.2205561380947807 0.0 
0.0 0.08801000000000002 0.0 0.23528910998510005 0.0 
0.0 0.15975817100000003 0.0 0.15975817100000003 0.0 
0.0 0.0 0.0 0.4667903000000001 0.0 
0.0 2.5863889343300004 0.0 -0.001 0.0 
0.0 3.4159445874640944 0.0 1.3599876376131137 0.0 
0.0 3.2921458555837027 0.0 1.748871554054415 0.0 
0.0 0.9061019000000001 0.0 0.012339710000000004 0.0 
0.0 1.8289428453900003 0.0 0.005129900000000002 0.0 
0.0 0.0 0.0 0.026103230000000005 0.0 
0.0 11.9653470341 0.0 -0.001 0.0 
0.0 15.825216653954188 0.0 1.188872147563321 0.0 
0.0 1.4432346244181185 0.0 2.3707874540747933 0.0 
0.0 0.08801000000000002 0.0 0.22506052490000006 0.0 
0.0 0.21811620998510006 0.0 0.15975817100000003 0.0 
0.0 0.0 0.0 -0.002970019 0.0 
0.0 -0.0021985250148999994 0.0 0.4489100000000001 0.0 
0.0 8.191432716895104 0.0 18.160671792150758 0.0 
0.0 1.271718264006992 0.0 2.804570871401795 0.0 
0.0 -0.00199 0.0 2.7289428453900006 0.0 
0.0 0.018797045390000003 0.0 0.8289428453900001 0.0 
0.0 0.0 0.0 2.4355610000000008 0.0 
0.0 0.04280824094300001 0.0 -0.001 0.0 
0.0 2.4273520618984645 0.0 16.438356384793064 0.0 
0.0 2.4356394941878694 0.0 0.8724983108619996 0.0 
0.0 0.08801000000000002 0.0 0.24975817100000008 0.0 
0.0 0.08801000000000002 0.0 0.15975817100000003 0.0 
0.0 0.0 0.0 0.4667903000000001 0.0 
0.0 0.5133782543300001 0.0 -0.001 0.0 
0.0 0.8795628798360744 0.0 8.077316961828789 0.0 
0.0 3.1902569735957957 0.0 1.2623042152828026 0.0 
0.0 0.9061019000000001 0.0 0.012339710000000004 0.0 
0.0 1.9061019000000003 0.0 -0.00199 0.0 
0.0 0.0 0.0 0.026103230000000005 0.0 
0.0 2.3895234341000005 0.0 -0.001 0.0 
0.0 2.9731247742396376 0.0 3.380178686314638 0.0 
0.0 1.372320986118973 0.0 2.574610889233376 0.0 
0.0 0.08801000000000002 0.0 0.22506052490000006 0.0 
0.0 0.16056817100000004 0.0 0.08801000000000002 0.0 
0.0 0.0 0.0 -0.002970019 0.0 
0.0 -0.0021985250148999994 0.0 0.08891000000000002 0.0 
0.0 1.3395363211396336 0.0 3.954420110672777 0.0 
0.0 0.8953327209453802 0.0 2.6348235205300683 0.0 
0.0 -0.00199 0.0 2.7289428453900006 0.0 
0.0 0.006020900000000003 0.0 0.9061019000000001 0.0 
0.0 0.0 0.0 2.4355610000000008 0.0 
0.0 0.04280824094300001 0.0 -0.001 0.0 
0.0 0.5670483849941172 0.0 2.925334301608034 0.0 
0.0 1.9615180460349548 0.0 0.45056807203593263 0.0 
0.0 0.08801000000000002 0.0 0.24975817100000008 0.0 
0.0 0.08801000000000002 0.0 0.08801000000000002 0.0 
0.0 0.0 0.0 0.4667903000000001 0.0 
0.0 0.5133782543300001 0.0 -0.001 0.0 
0.0 0.5711026093924405 0.0 1.6994149702422712 0.0 
0.0 3.640726724327176 0.0 0.5634183564558405 0.0 
0.0 0.9061019000000001 0.0 0.012339710000000004 0.0 
0.0 1.9061019000000003 0.0 -0.00199 0.0 
0.0 0.0 0.0 0.026103230000000005 0.0 
0.0 2.3895234341000005 0.0 -0.001 0.0 
0.0 0.0 2.3406883988895784 0.6797330805635274 0.0 
4.6105297486696655 0.0 1.0971389639126954 0.0 0.0 
3.0247752214546293 0.0 0.27067779648530743 0.0 0.0 
1.3672948436435646 0.0 0.3465580820655958 0.0 0.0 
0.4517248384180545 0.0 2.8714360484453927 0.0 0.0 
3.2230128671167972 0.0 1.463099739756637 0.0 0.0 
3.1749155343761837 0.0 0.2686319124003251 0.0 0.0 
1.3580193879950624 0.0 0.44696922421227725 0.0 0.0 
0.3348477534702903 4.13569745896504 0.03384489654328103 0.0 0.0 
0.2642157617409602 0.0 0.11773342234623335 0.0 0.0 
0.003474805531240105 0.0 1.0020714362534078 0.0 0.0 
0.07902155225616872 0.0 4.761208482086953 0.0 0.0 
0.8394400182339796 0.0 0.5894478780917598 0.0 0.0 
1.6795202235407 0.0 0.10831079514558195 0.0 0.0 
0.3074549327 0.0 0.8040151753459608 0.0 0.0 
0.0365636558422862 0.0 3.2397469915029005 0.0 0.0 
1.3272750244341047 0.0 0.6032716980545637 0.0 0.0 
1.5424903836232244 0.0 0.0950723505055241 0.0 0.0 
0.35377642376000007 0.0 0.6083073030089884 0.0 0.0 
0.05414812044779033 0.0 3.1562555244859407 0.0 0.0 
0.9760774092458786 0.029082456453500015 0.2339978032407353 1.6944771796523712 0.0 
0.9634020674293733 0.0 0.02609514539000001 0.0 0.0 
0.16476846352454633 0.0 0.38011620998510015 0.0 0.0 
0.026897045390000013 0.0 2.5966146297496593 0.0 0.0 
0.38084520998510013 0.0 0.2181162099851 0.0 0.0 
0.8370428453900001 0.0 -0.00199 0.0 0.0 
-0.001 0.0 0.23454285608510006 0.0 0.0 
0.006020900000000003 0.0 1.5966146297496595 0.0 0.0 
0.38084520998510013 0.0 0.08801000000000002 0.0 0.0 
0.9990000000000001 0.0 -0.00199 0.0 0.0 
-0.001 0.0 0.08801000000000002 0.0 0.0 
-0.001 0.0 1.9183554472410003 0.0 0.0 
0.08891000000000002 0.0 -0.0019000000000000002 0.28310364341000005 0.0 
1.8354243843900004 0.0 -0.0019000000000000002 0.0 0.0 
0.16105447880000004 0.0 0.08801000000000002 0.0 0.0 
0.01882045439000001 0.0 1.8981000000000003 0.0 0.0 
0.46023659000000017 0.0 -0.0019000000000000002 0.0 0.0 
1.8500869080000004 0.0 -0.0019000000000000002 0.0 0.0 
0.16041361490000006 0.0 0.08801000000000002 0.0 0.0 
0.018755639000000008 0.0 1.8981000000000003 0.0 0.0 
0.46023659000000017 0.0 -0.0019000000000000002 0.0 0.0 
1.8500869080000004 0.0 -0.0019000000000000002 0.0 0.0 
0.16041361490000006 0.0 0.08801000000000002 0.0 0.0 
0.018755639000000008 0.0 0.9061019000000001 0.0 0.0 
0.21828825341000002 0.08964591731 0.3232334249000001 0.0 0.0 
2.7500642572410006 0.0 0.005129900000000002 0.0 0.0 
0.2504063249000001 0.0 -0.002241829 0.0 0.0 
0.005129900000000002 0.0 1.01969532 0.0 0.0 
0.0895568327 0.0 0.3232334249000001 0.0 0.0 
2.7500642572410006 0.0 0.005129900000000002 0.0 0.0 
0.2504063249000001 0.0 -0.002241829 0.0 0.0 
0.005129900000000002 0.0 1.01969532 0.0 0.0 
0.0895568327 0.0 0.3232334249000001 0.0 0.0 
2.7500642572410006 0.0 0.005129900000000002 0.0 0.0 
0.2504063249000001 0.0 -0.002249119 0.0 0.0 
0.005129900000000002 0.0 1.0195495200000002 0.0 0.0 
0.08953714970000003 0.17119076390000001 0.16811900000000002 0.0 0.0 
1.913507168751 0.0 0.005129900000000002 0.0 0.0 
0.08801000000000002 0.0 0.15975817100000003 0.0 0.0 
0.012478235390000002 0.0 0.8224936100000001 0.0 0.0 
0.15304342490000003 0.0 0.16811900000000002 0.0 0.0 
1.9132307100000001 0.0 0.005129900000000002 0.0 0.0 
0.08801000000000002 0.0 0.15975817100000003 0.0 0.0 
0.012478235390000002 0.0 0.8224936100000001 0.0 0.0 
0.15304342490000003 0.0 0.16811900000000002 0.0 0.0 
1.9132307100000001 0.0 0.005129900000000002 0.0 0.0 
0.08801000000000002 0.0 0.15975817100000003 0.0 0.0 
0.012478235390000002 0.0 0.8224936100000001 0.0 0.0 
0.15304342490000003 0.0 -0.001 0.08801000000000002 0.0 
1.0070019000000001 0.0 -0.001 0.0 0.0 
-0.001 0.0 -0.001 0.0 0.0 
-0.001 0.0 0.9990000000000001 0.0 0.0 
0.08891000000000002 0.0 -0.001 0.0 0.0 
0.9990000000000001 0.0 -0.001 0.0 0.0 
-0.001 0.0 -0.001 0.0 0.0 
-0.001 0.0 0.9990000000000001 0.0 0.0 
0.08891000000000002 0.0 -0.001 0.0 0.0 
0.9990000000000001 0.0 -0.001 0.0 0.0 
-0.001 0.0 0.0 0.0 0.0 
-0.001 0.0 0.0 0.0 0.0 
-0.001 0.16892900000000005 0.0 -0.002970019 0.0 
2.64796632 0.0 0.0 0.0 0.0 
0.30551047100000006 0.0 0.0 0.0 0.0 
0.01800323000000001 0.0 0.0 0.0 0.0 
-0.002970019 0.0 0.0 0.0 0.0 
2.6255610000000003 0.0 0.0 0.0 0.0 
0.30479030000000007 0.0 0.0 0.0 0.0 
0.01800323000000001 0.0 0.0 0.0 0.0 
-0.002970019 0.0 0.0 0.0 0.0 
2.6255610000000003 0.0 0.0 0.0 0.0 
0.30479030000000007 0.0 0.0 0.0 0.0 
0.01800323000000001 0.0 0.0 0.0 0.0 
-0.002970019 0.24175610000000008 0.0 0.0 0.0 
0.7473190490000001 0.0 0.0 0.0 0.0 
0.21479030000000005 0.0 0.0 0.0 0.0 
0.01800323000000001 0.0 0.0 0.0 0.0 
-0.002970019 0.0 0.08891000000000002 0.0 0.0 
2.3895234341000005 0.0 -0.001 0.0 0.0 
0.5133782543300001 0.0 -0.001 0.0 0.0 
0.04280824094300001 0.0 -0.001 0.0 0.0 
-0.0021985250148999994 0.0 0.0 0.08891000000000002 0.0 
0.0 0.7599627626316052 0.0 7.03719905514033 0.0 
0.0 0.30090818801239916 0.0 0.0 0.0 
0.0 0.005210900000000003 0.0 1.9516501813410003 0.0 
0.0 0.006920900000000002 0.0 1.9132307100000001 0.0 
0.0 -0.00199 0.0 1.836176859 0.0 
0.0 0.02051342 0.0 2.7072900000000004 0.0 
0.0 1.1248181501925971 0.0 4.444216396972225 0.0 
0.0 1.8999293374944901 0.0 0.0 0.0 
0.0 0.24903800000000004 0.0 0.08992160972 0.0 
0.0 -0.001 0.0 0.08801000000000002 0.0 
0.0 0.08801000000000002 0.0 0.16040632490000004 0.0 
0.0 0.08801000000000002 0.0 0.24903800000000004 0.0 
0.0 1.5684167704725245 0.0 10.69678284364114 0.0 
0.0 3.8200437494857247 0.0 0.14973552709105872 0.0 
0.0 2.5485230780018093 0.0 0.038293495100000005 0.0 
0.0 0.9990000000000001 0.0 -0.0019000000000000002 0.0 
0.0 1.9061019000000003 0.0 0.012339710000000004 0.0 
0.0 0.9197851490000001 0.0 0.005129900000000002 0.0 
0.0 0.46809253068533024 0.0 16.152487697242286 0.0 
0.0 0.14518238559786922 0.0 1.737052950478239 0.0 
0.0 0.47467533515607 0.0 0.8409212690201003 0.0 
0.0 0.16982900000000004 0.0 -0.0019000000000000002 0.0 
0.0 0.16892900000000005 0.0 0.32323342490000007 0.0 
0.0 20.0202473621051 0.0 0.24094610000000008 0.0 
0.0 0.11966167874600005 0.0 18.579275128495762 0.0 
0.0 1.0765311768963333 0.0 0.11502382788718445 0.0 
0.0 0.046710734925860024 0.0 3.5663032845341105 0.0 
0.0 0.021413420000000002 0.0 1.8981000000000003 0.0 
0.0 -0.00199 0.0 2.7362416743900004 0.0 
0.0 18.343673481559552 0.0 5.277665320092001 0.0 
0.0 0.01712437211150001 0.0 8.434058801580793 0.0 
0.0 2.700840208756255 0.0 0.2407767557225867 0.0 
0.0 0.44721116475597 0.0 0.4776470235440002 0.0 
0.0 -5.310189999999998E-4 0.0 0.24903800000000004 0.0 
0.0 0.08801000000000002 0.0 0.2504063249000001 0.0 
0.0 0.16098966341000004 0.0 3.62392299676169 0.0 
0.0 1.9580843420000072E-4 0.0 2.978178735385635 0.0 
0.0 3.0208300797161742 0.0 1.2602975809927894 0.0 
0.0 2.442586361565171 0.0 0.055161308678399024 0.0 
0.0 0.9990000000000001 0.0 0.005210900000000003 0.0 
0.0 1.9061019000000003 0.0 0.012339710000000004 0.0 
0.0 0.8583560982331101 0.0 0.204792726408659 0.0 
0.0 3.0314373109758463 0.0 0.8835305274489482 0.0 
0.0 0.9989007820415128 0.0 2.4340503050793663 0.0 
0.0 0.3144929954750001 0.0 0.9090206824052433 0.0 
0.0 0.2426561000000001 0.0 -0.00271 0.0 
0.0 0.16892900000000005 0.0 0.32323342490000007 0.0 
0.0 0.5924151322900731 0.0 0.35054960147900005 0.0 
0.0 1.2159537014397204 0.0 8.059729109689432 0.0 
0.0 0.6929100861431314 0.0 1.7250670468016254 0.0 
0.0 0.02650870956860001 0.0 3.458767279319737 0.0 
0.0 0.021413420000000002 0.0 2.7072900000000004 0.0 
0.0 -0.00199 0.0 2.7362416743900004 0.0 
0.0 0.08362535049244522 0.0 4.1557756818897005 0.0 
0.0 0.20613022171433448 0.0 5.506243146123559 0.0 
0.0 2.5713178304077022 0.0 0.3529909199284934 0.0 
0.0 0.3805182163790001 0.0 0.5871206167976701 0.0 
0.0 -5.310189999999998E-4 0.0 0.24903800000000004 0.0 
0.0 0.08801000000000002 0.0 0.2504063249000001 0.0 
0.0 0.16098966341000004 0.0 1.0340691977845253 0.0 
0.0 0.04130455535245973 0.0 2.7726286428172227 0.0 
0.0 3.5998606816253886 0.0 0.722312319755777 0.0 
0.0 2.428158823387737 0.0 0.09482793867665903 0.0 
0.0 0.9990000000000001 0.0 0.005210900000000003 0.0 
0.0 1.9061019000000003 0.0 0.012339710000000004 0.0 
0.0 0.8583560982331101 0.0 0.12336785595604524 0.0 
0.0 3.783487112319126 0.0 0.999491543379138 0.0 
0.0 0.925242888405333 0.0 2.4569594249260613 0.0 
0.0 0.5212819915355702 0.0 1.0197740679506389 0.0 
0.0 0.2426561000000001 0.0 -0.00271 0.0 
0.0 0.16892900000000005 0.0 0.32323342490000007 0.0 
0.0 0.5924151322900731 0.0 0.39174669017207997 0.0 
0.0 1.260087680107851 0.0 6.84787193839129 0.0 
0.0 0.659618639450047 0.0 1.6946524160904295 0.0 
0.0 0.057746070730700025 0.0 4.192114528772338 0.0 
0.0 0.021413420000000002 0.0 2.7072900000000004 0.0 
0.0 -0.00199 0.0 2.7362416743900004 0.0 
0.0 0.08362535049244522 0.0 3.7925154756068373 0.0 
0.0 0.4068634758208718 0.0 5.596472759474271 0.0 
0.0 2.068550581834666 0.0 0.49649275279288896 0.0 
0.0 0.5776438447559701 0.0 0.8386976102566797 0.0 
0.0 -5.310189999999998E-4 0.0 0.24903800000000004 0.0 
0.0 0.08801000000000002 0.0 0.2504063249000001 0.0 
0.0 0.16098966341000004 0.0 1.0340691977845253 0.0 
0.0 0.06966181595411003 0.0 2.93132459126056 0.0 
0.0 3.2825184452063683 0.0 0.46767735475461786 0.0 
0.0 2.6241938890541103 0.0 0.15257574283895303 0.0 
0.0 0.9990000000000001 0.0 0.005210900000000003 0.0 
0.0 1.9061019000000003 0.0 0.012339710000000004 0.0 
0.0 0.8839056301592492 0.0 0.12336785595604524 0.0 
-0.006545037268000001 0.0 -0.006862265029720002 0.0 0.0 
-0.006745744819000001 0.0 -0.007563767149720003 0.0 0.0 
-0.007466024521000002 0.0 -0.007563772889282803 0.0 0.0 
-0.007661754241300001 0.0 -0.007564055610102096 0.0 0.0 
-0.007664215238282801 0.0 -0.00765439143585461 0.0 0.0 
-0.007664497959102094 0.0 -0.00852887500892334 0.0 0.0 
-0.008509623331630446 0.0 -0.008047913622152248 0.0 0.0 
-0.009468754462724615 0.0 0.007993440643612695 0.0 0.0 
-0.0084816641777498 0.0 0.11907081227100867 0.0 0.0 
0.007575026515492696 0.0 0.6692957911399167 0.0 0.0 
0.19127432346220305 0.0 1.6812324727512418 0.0 0.0 
0.7414537611532128 0.0 3.3182630745795643 0.0 0.0 
1.94234393036941 6.236940767952667 0.0 0.9604727904376154 0.0 
0.0 0.0 1.1311337802791561 2.937982230203909 0.0 
1.9935086435202827 0.0 0.8094912325199408 0.0 0.0 
0.7536335128292484 0.0 2.763832946747306 0.0 0.0 
1.1115834735708296 0.0 3.752095360183098 0.0 0.0 
2.8427383965348607 0.0 0.8861755768158088 0.0 0.0 
1.8065022526607264 0.0 0.3537739372640421 0.0 0.0 
0.302867210242345 0.0 1.9190608839590646 0.0 0.0 
0.32400307558826613 0.0 4.7318297919590915 0.0 0.0 
1.5354493561124123 0.0 0.6478802925572775 0.0 0.0 
1.692920143355601 0.0 0.4570426828210953 0.0 0.0 
0.4401342075603739 0.0 1.9523140058493265 0.0 0.0 
0.35761415886407266 0.0 4.6947499046786145 0.0 0.0 
1.6024121648104037 0.18367012432934884 0.2918160153333629 0.0 0.0 
0.9454855722479002 0.0 0.16359132022563871 0.0 0.0 
0.08891669780000003 0.0 1.099798240510974 0.0 0.0 
0.057912939341000017 0.0 4.709561629685326 0.0 0.0 
0.5071142871206902 0.0 0.29015251491807 0.0 0.0 
0.9386651523410001 0.0 0.10316868506942034 0.0 0.0 
-0.0023172107193099997 0.0 0.8386976102566797 0.0 0.0 
0.02723770956860001 0.0 4.193702412804235 0.0 0.0 
0.31522199547500007 0.0 1.053296064179589 0.0 0.0 
2.6241938890541103 0.0 0.13718600032078346 0.0 0.0 
0.3805182163790001 0.0 0.8386976102566797 0.0 0.0 
0.02650870956860001 0.0 4.193702412804235 0.0 0.0 
0.3144929954750001 0.0 0.0 1.053296064179589 0.0 
0.0 0.0 0.2426561000000001 -0.00271 0.0 
2.7072900000000004 0.0 0.021413420000000002 0.0 0.0 
0.24903800000000004 0.0 -5.310189999999998E-4 0.0 0.0 
0.005210900000000003 0.0 0.9990000000000001 0.0 0.0 
-0.00271 0.0 0.2426561000000001 0.0 0.0 
2.7072900000000004 0.0 0.021413420000000002 0.0 0.0 
0.24903800000000004 0.0 -5.310189999999998E-4 0.0 0.0 
0.005210900000000003 0.0 0.9990000000000001 0.0 0.0 
-0.00271 0.0 0.2426561000000001 0.0 0.0 
2.7072900000000004 0.0 0.021413420000000002 0.0 0.0 
0.24903800000000004 0.0 -5.310189999999998E-4 0.0 0.0 
0.005210900000000003 0.0 0.9133036100000002 0.0 0.0 
0.08647100000000002 0.0 0.32186510000000007 0.0 0.0 
1.8981000000000003 0.0 0.012339710000000004 0.0 0.0 
0.08801000000000002 0.0 0.2504063249000001 0.0 0.0 
-0.00199 0.0 2.7362416743900004 0.0 0.0 
0.16892900000000005 0.0 0.32323342490000007 0.0 0.0 
1.9061019000000003 0.0 0.012339710000000004 0.0 0.0 
0.08801000000000002 0.0 0.2504063249000001 0.0 0.0 
-0.00199 0.0 2.7362416743900004 0.0 0.0 
0.16892900000000005 0.0 0.32323342490000007 0.0 0.0 
1.9061019000000003 0.0 0.012339710000000004 0.0 0.0 
0.08801000000000002 0.0 0.2504063249000001 0.0 0.0 
-0.00199 0.0 2.7362416743900004 0.0 0.0 
0.16892900000000005 0.0 0.0 0.32323342490000007 0.0 
0.0 0.9803765784228727 0.5264069695591309 0.3940461480454325 0.0 
2.366801699531565 0.0 0.019185737408900005 0.0 0.0 
0.45712764443623166 0.0 -0.0028000000000000004 0.0 0.0 
0.005194715390000003 0.0 -0.0028000000000000004 0.0 0.0 
-0.0029701 0.0 -0.0028000000000000004 0.0 0.0 
-0.0029701 0.0 -0.0028000000000000004 0.0 0.0 
-0.0029701 0.0 -0.0028000000000000004 0.0 0.0 
-0.0029701 0.0 -0.0028000000000000004 0.0 0.0 
-0.0029701 0.0 -0.0028000000000000004 0.0 0.0 
-0.0029701 0.0 -0.003859480000000001 0.0 0.0 
-0.00392509 0.0 -0.0048267901000000005 0.0 0.0 
-0.00479989 0.0 -0.005922181330120001 0.0 0.0 
-0.00574519888 0.0 -0.006651814393720003 0.0 0.0 
0.0 3.41492894343636 0.0 7.736518526113033 0.0 
0.0 0.005470038470850298 0.0 2.080700270326098 0.0 
0.0 0.0 0.0 1.8224936100000002 0.0 
0.0 0.1978457481700472 0.0 4.559851309226473 0.0 
0.0 1.65380295399029 0.0 6.482505144215454 0.0 
0.0 -0.0036100000000000004 0.0 0.10069931634278108 0.0 
0.0 0.0 0.0 0.15903800000000004 0.0 
0.0 0.3726497755281852 0.0 1.1973099436544126 0.0 
0.0 1.2926125581829022 0.0 4.534759147108419 0.0 
0.0 -0.00199 0.0 -0.003470094474696323 0.0 
0.0 0.0 0.0 0.005210900000000003 0.0 
0.0 1.55947534381555 0.0 0.1946336854642291 0.0 
0.0 5.443838719409798 0.0 2.2357758994723507 0.0 
0.0 -0.00199 0.0 -0.002071 0.0 
0.0 0.0 0.0 -0.00271 0.0 
0.0 3.0151068393427596 0.0 0.6893166060975717 0.0 
0.0 3.469983003339973 0.0 9.5599444989686 0.0 
0.0 -0.00199 0.0 -0.00199 0.0 
0.0 0.0 0.0 -0.00271 0.0 
0.0 2.082325337409209 0.0 24.308807645619698 0.0 
0.0 1.1615821976159904 0.0 7.230669577303759 0.0 
0.0 -0.00199 0.0 -0.00199 0.0 
0.0 0.0 0.0 -0.00271 0.0 
0.0 0.38345824856311106 0.0 21.399262050857267 0.0 
0.0 0.8594088743784911 0.0 4.842346748909795 0.0 
0.0 -0.00199 0.0 -0.00199 0.0 
0.0 0.0 0.0 -0.00271 0.0 
0.0 1.667560074164809 0.0 0.21759612557022673 0.0 
0.0 7.081920205439985 0.0 2.5338722752101135 0.0 
0.0 -0.00199 0.0 -0.00199 0.0 
0.0 0.0 0.0 -0.00271 0.0 
0.0 1.541361940102355 0.0 0.613644265510911 0.0 
0.0 3.7565502238003248 0.0 9.442109444201082 0.0 
0.0 -0.00199 0.0 -0.00199 0.0 
0.0 0.0 0.0 -0.00271 0.0 
0.0 0.30436864026514576 0.0 4.986286496598574 0.0 
0.0 1.707646496806435 0.0 7.651941366403861 0.0 
0.0 -0.00199 0.0 -0.00199 0.0 
0.0 0.0 0.0 -0.00271 0.0 
0.0 0.49501006273539216 0.0 1.4394521809696126 0.0 
0.0 2.9617001307084636 0.0 5.57545027384845 0.0 
0.0 -0.0020791 0.0 -0.00199 0.0 
0.0 0.0 0.0 -0.00271 0.0 
0.0 1.7264034556837369 0.0 0.27943482700881805 0.0 
0.0 5.874380808114183 4.236658117942513 3.378938427240886 0.0 
6.656850030129863 0.0 1.1956407574185453 0.0 0.0 
2.9133483486074527 0.0 0.3302551304041995 0.0 0.0 
1.0071634376111855 0.0 0.024362117787394513 0.0 0.0 
0.19979074575483557 0.0 -0.010623060576713224 0.0 0.0 
0.007864359052342418 0.0 -0.01007187943846214 0.0 0.0 
-0.007144708664537477 0.0 -0.007845160435300001 0.0 0.0 
-0.005205076281062347 0.0 -0.007840347351310003 0.0 0.0 
-0.0049036581199 0.0 -0.006501747790000002 0.0 0.0 
-0.003940399 0.0 -0.005816043100000001 0.0 0.0 
-0.003940399 0.0 -0.005151268000000001 0.0 0.0 
-0.0031384990000000003 0.0 -0.005143249000000001 0.0 0.0 
-0.0029781190000000004 0.0 -0.005143249000000001 0.0 0.0 
-0.0029701 0.0 -0.004404610000000001 0.0 0.0 
-0.00199 0.0 -0.004404610000000001 0.0 0.0 
-0.00199 0.0 -0.004404610000000001 0.0 0.0 
-0.00199 0.0 -0.004404610000000001 0.0 0.0 
-0.00199 0.0 -0.004404610000000001 0.0 0.0 
-0.00199 0.0 -0.004404610000000001 0.0 0.0 
-0.00199 0.0 -0.004404610000000001 0.0 0.0 
-0.00199 0.0 -0.004404610000000001 0.0 0.0 
-0.00199 0.0 -0.004404610000000001 0.0 0.0 
-0.00199 0.0 -0.004404610000000001 0.0 0.0 
-0.00199 0.0 -0.004185100000000001 0.0 0.0 
-0.002881 -0.0037638999999999997 -0.00472699 -0.00199 0.0 
-0.0036181 0.0 -0.0038449 0.0 0.0 
-0.0029539 0.0 -0.0029620000000000002 0.0 0.0 
-0.0019000000000000002 0.0 -0.0029620000000000002 0.0 0.0 
-0.0019000000000000002 0.0 -0.0029620000000000002 0.0 0.0 
-0.0019000000000000002 0.0 -0.0029620000000000002 0.0 0.0 
-0.0019000000000000002 0.0 -0.0029620000000000002 0.0 0.0 
-0.0019000000000000002 0.0 -0.0029620000000000002 0.0 0.0 
-0.0019000000000000002 0.0 -0.0029620000000000002 0.0 0.0 
-0.002881 0.0 -0.00199 0.0 0.0 
-0.0019000000000000002 0.0 -0.00199 0.0 0.0 
-0.0019000000000000002 0.0 -0.00199 0.0 0.0 
-0.0019000000000000002 0.0 -0.00199 0.0 0.0 
-0.0019000000000000002 0.0 -0.00199 0.0 0.0 
-0.0019000000000000002 0.0 -0.00199 0.0 0.0 
-0.0019000000000000002 0.0 -0.00199 0.0 0.0 
-0.0019000000000000002 0.0 -0.00199 0.0 0.0 
-0.0019000000000000002 0.0 -0.00199 0.0 0.0 
-0.0019000000000000002 0.0 -0.00199 0.0 0.0 
-0.0019000000000000002 0.0 -0.00199 0.0 0.0 
-0.0028000000000000004 0.0 -0.00199 0.0 0.0 
-0.0028000000000000004 0.0 -0.00199 0.0 0.0 
-0.0028000000000000004 0.0 -0.00199 0.0 0.0 
-0.0028000000000000004 0.0 -0.00199 0.0 0.0 
-0.0028000000000000004 0.0 -0.00199 0.0 0.0 
-0.0028000000000000004 0.0 -0.00199 0.0 0.0 
-0.0028000000000000004 0.0 -0.0020791 0.0 0.0 
-0.0028000000000000004 0.0 -0.0029701 0.0 0.0 
-0.0036100000000000004 0.0 -0.0029701 0.0 0.0 
-0.0036100000000000004 0.0 -0.0029701 0.0 0.0 
-0.0036100000000000004 0.0 -0.0029701 0.0 0.0 
-0.0036100000000000004 0.0 -0.0029701 0.0 0.0 
-0.0036100000000000004 0.0 -0.0029701 0.0 0.0 
-0.0036100000000000004 0.0 -0.002881 0.0 0.0 
-0.0036100000000000004 0.0 -0.00199 0.0 0.0 
-0.0036100000000000004 0.0 -0.00199 0.0 0.0 
-0.0036100000000000004 -0.001 -0.001 -0.00271 0.0 
-0.0019000000000000002 0.0 -0.001 0.0 0.0 
-0.0019000000000000002 0.0 -0.001 0.0 0.0 
-0.0019000000000000002 0.0 -0.001 0.0 0.0 
-0.0028000000000000004 0.0 -0.001 0.0 0.0 
-0.0028000000000000004 0.0 -0.001 0.0 0.0 
-0.0028000000000000004 0.0 -0.001 0.0 0.0 
-0.0028000000000000004 0.0 -0.001 0.0 0.0 
-0.0028000000000000004 0.0 -0.001 0.0 0.0 
-0.0028000000000000004 0.0 -0.001 0.0 0.0 
-0.0028000000000000004 0.0 -0.001 0.0 0.0 
-0.0028000000000000004 0.0 -0.001 0.0 0.0 
-0.0028000000000000004 0.0 -0.00199 0.0 0.0 
-0.0036910000000000007 0.0 -0.00199 0.0 0.0 
-0.0036991000000000003 0.0 -0.00199 0.0 0.0 
-0.0036991000000000003 0.0 -0.0029701 0.0 0.0 
-0.004508290000000001 0.0 -0.00394833781 0.0 0.0 
-0.005324770000000001 0.0 -0.004107114010000001 0.0 0.0 
-0.005332708810000001 0.0 -0.00490099501 0.0 0.0 
-0.006146928910000002 0.0 -0.004833966552046209 0.0 0.0 
-0.006146928910000002 0.0 -0.002173550169543885 0.0 0.0 
-0.006079900452046211 0.0 0.03762221292511346 0.0 0.0 
-0.0034194840695438854 0.0 0.30819894200493697 0.0 0.0 
0.042408840240954565 0.0 1.1010387128663441 0.0 0.0 
0.3647433614753753 2.5885115805772867 0.0 0.7903459149471229 0.0 
0.0 4.902845700194225 0.0 5.938075722531099 0.0 
0.0 -0.003772 0.0 -0.0028891000000000003 0.0 
0.0 -0.001 0.0 -0.004185100000000001 0.0 
0.0 0.911061054035333 0.0 6.50357322665522 0.0 
0.0 4.412617572988163 0.0 5.4642311530444 0.0 
0.0 -0.003772 0.0 -0.0029620000000000002 0.0 
0.0 -0.001 0.0 -0.0042661 0.0 
0.0 0.7328030882506851 0.0 2.7139837033594056 0.0 
0.0 4.3072849465353595 0.0 4.719586832850348 0.0 
0.0 -0.003772 0.0 -0.0029701 0.0 
0.0 -0.001 0.0 -0.0042661 0.0 
0.0 1.915313098316525 0.0 0.861534004964156 0.0 
0.0 4.697811872829767 0.0 4.323834625573673 0.0 
0.0 -0.003772 0.0 -0.0029701 0.0 
0.0 -0.001 0.0 -0.0042661 0.0 
0.0 3.1296143069977034 0.0 0.9400845127107463 0.0 
0.0 4.312418542952373 0.0 5.144086914168217 0.0 
0.0 -0.003772 0.0 -0.0029701 0.0 
0.0 -0.001 0.0 -0.0042661 0.0 
0.0 1.2142394013328144 0.0 7.309915043625661 0.0 
0.0 4.087206698993741 0.0 4.21901071393742 0.0 
0.0 -0.003772 0.0 -0.0029701 0.0 
0.0 -0.001 0.0 -0.0042661 0.0 
0.0 0.8618625247240522 0.0 3.5574396762358154 0.0 
0.0 3.7763435699986863 0.0 3.8226244927480075 0.0 
0.0 -0.003772 0.0 -0.0029701 0.0 
0.0 -0.00199 0.0 -0.0042661 0.0 
0.0 2.369491822390362 0.0 1.348635545294561 0.0 
0.0 3.9351188323694726 0.0 3.52032320967381 0.0 
0.0 -0.00385219 0.0 -0.0029701 0.0 
0.0 -0.00199 0.0 -0.00501859 0.0 
0.0 4.143812981818122 0.0 1.3410635894431024 0.0 
0.0 3.5157066566143125 0.0 5.144379150063976 0.0 
0.0 -0.00385219 0.0 -0.0038449 0.0 
0.0 -0.00199 0.0 -0.00501859 0.0 
0.0 2.1926293863240627 0.0 6.875769531218774 0.0 
0.0 3.529331573299465 0.0 3.833758653025332 0.0 
0.0 -0.00385948 0.0 -0.003932380000000001 0.0 
0.0 -0.00199 0.0 -0.00501859 0.0 
0.0 1.2592485088715197 0.0 4.2047836378574 0.0 
0.0 3.2612883159379247 0.0 3.2922765034571144 0.0 
0.0 -0.003945502 0.0 -0.003932380000000001 0.0 
0.0 -0.0019000000000000002 0.0 -0.00501859 0.0 
0.0 2.956917901379691 0.0 2.090162665071881 0.0 
0.0 3.208165909882034 0.0 3.00023665110135 0.0 
0.0 -0.008564392258759263 -0.009147788049017983 0.0 0.0 
-0.008564389417675677 0.0 -0.009147788049017983 0.0 0.0 
-0.008564389370324284 0.0 -0.009142162703517703 0.0 0.0 
-0.008564389370324284 0.0 -0.009029655793512103 0.0 0.0 
-0.008564389370324284 0.0 -0.008467121243484102 0.0 0.0 
-0.008547508125170203 0.0 -0.008467121243484102 0.0 0.0 
-0.008547508125170203 0.0 -0.008460169942060001 0.0 0.0 
-0.008547508125170203 0.0 -0.008321139130609001 0.0 0.0 
-0.008540556823746102 0.0 -0.007625504650690001 0.0 0.0 
-0.007706518048171001 0.0 -0.007611338205100001 0.0 0.0 
-0.0076377224792800015 0.0 -0.007443520291000001 0.0 0.0 
-0.007624034330590002 0.0 -0.006558894100000001 0.0 0.0 
-0.007486986850390002 -0.006661239204610001 0.0 -0.003932380000000001 0.0 
0.0 -0.001 -0.002881 -0.00501049 0.0 
-0.00271 0.0 -0.002881 0.0 0.0 
-0.0029620000000000002 0.0 -0.002881 0.0 0.0 
-0.0029701 0.0 -0.002881 0.0 0.0 
-0.0029701 0.0 -0.002881 0.0 0.0 
-0.0029701 0.0 -0.002881 0.0 0.0 
-0.00393238 0.0 -0.002881 0.0 0.0 
-0.00393238 0.0 -0.002881 0.0 0.0 
-0.00393238 0.0 -0.002881 0.0 0.0 
-0.00393238 0.0 -0.002881 0.0 0.0 
-0.00393238 0.0 -0.002881 0.0 0.0 
-0.00393238 0.0 -0.002881 0.0 0.0 
-0.00393238 -0.002881 0.0 0.0 0.0 
0.0 2.414517679611654 0.0 1.875693253304952 0.0 
0.0 2.979552916358834 0.0 4.776728277893139 0.0 
0.0 -0.008564463285848912 0.0 -0.009147788049017983 0.0 
0.0 -0.0067903386238 0.0 -0.006216409900000002 0.0 
0.0 -0.001 0.0 -0.004685590000000001 0.0 
0.0 -0.002881 0.0 -0.00393238 0.0 
0.0 2.1346043141807503 0.0 2.4476341486114874 0.0 
0.0 2.853110793009895 0.0 3.1080009271303166 0.0 
0.0 -0.00856541031371091 0.0 -0.009147788049017983 0.0 
0.0 -0.007640861005079291 0.0 -0.006694247530000002 0.0 
0.0 -0.001 0.0 -0.005307031 0.0 
0.0 -0.002881 0.0 -0.00393238 0.0 
0.0 2.0408416707214094 0.0 2.1483830511960487 0.0 
0.0 2.5629295721688368 0.0 2.704475453710054 0.0 
0.0 -0.008561884718332583 0.0 -0.009147788049017983 0.0 
0.0 -0.007642770844600991 0.0 -0.007620986870749001 0.0 
0.0 -0.001 0.0 -0.005307031 0.0 
0.0 -0.002881 0.0 -0.00393238 0.0 
0.0 2.42273483177624 0.0 2.4129241692649086 0.0 
0.0 3.0550194478772736 0.0 2.5852243717320555 0.0 
0.0 -0.008163289186008225 0.0 -0.009147840661676981 0.0 
0.0 -0.007661869239817991 0.0 -0.007625769839749001 0.0 
0.0 -0.00109 0.0 -0.005307031 0.0 
0.0 -0.002881 0.0 -0.00393238 0.0 
0.0 2.5594879862718773 0.0 2.348701206731477 0.0 
0.0 2.622420150338722 0.0 4.857953106352089 0.0 
0.0 1.8266671143683019E-4 0.0 -0.00914431200146634 0.0 
0.0 -0.00772553055720799 0.0 -0.007627352949343902 0.0 
0.0 -0.00199 0.0 -0.005793427900000001 0.0 
0.0 -0.00385219 0.0 -0.00393238 0.0 
0.0 2.3206086751889323 0.0 3.1947682105546096 0.0 
0.0 2.5430486772869405 0.0 2.7899210356901323 0.0 
0.0 0.2924320507702214 0.0 -0.008532235067654478 0.0 
0.0 -0.00772553055720799 0.0 -0.0089190520268716 0.0 
0.0 -0.00199 0.0 -0.00638589511 0.0 
0.0 -0.004813668100000001 0.0 -0.004806451000000001 0.0 
0.0 2.294406204574891 0.0 2.4651323121750437 0.0 
0.0 2.3887954244729173 0.0 2.4225948436968476 0.0 
0.0 1.7316569568036133 0.0 0.03512487097075166 0.0 
0.0 -0.00772553055720799 0.0 -0.009073749936893413 0.0 
0.0 -0.00199 0.0 -0.00638589511 0.0 
0.0 -0.004813668100000001 0.0 -0.0057439522900000015 0.0 
0.0 2.189214275035882 0.0 2.226587279492394 0.0 
0.0 2.2845601977270515 0.0 2.275106500902921 0.0 
0.0 5.871250633174412 0.0 0.35478222676918203 0.0 
0.0 -0.00772553055720799 0.0 -0.00908921963701918 0.0 
0.0 -0.00199 0.0 -0.00638589511 0.0 
0.0 -0.004813668100000001 0.0 -0.0057439522900000015 0.0 
0.0 2.6406598443236566 0.0 2.0704970188138025 0.0 
0.0 2.269852220671987 0.0 2.2810356885714658 0.0 
0.0 2.7348914920399303 0.0 9.845180419068889 0.0 
0.0 -0.00772553055720799 0.0 -0.00908973529369004 0.0 
0.0 -0.00199 0.0 -0.00638589511 0.0 
0.0 -0.005936966714868662 0.0 -0.0057439522900000015 0.0 
0.0 2.0569322674700854 0.0 3.0091582272736423 0.0 
0.0 2.251885088043171 0.0 2.2514066496933687 0.0 
0.0 0.7213871003268857 0.0 7.445009907314158 0.0 
0.0 -0.007740768046248787 0.0 -0.00908973529369004 0.0 
0.0 -0.0029701 0.0 -0.00638589511 0.0 
0.0 -0.006875241830991182 0.0 -0.006610575162610002 0.0 
0.0 2.020444274372365 0.0 2.1441652432626386 0.0 
0.0 2.1425463169688364 0.0 2.137537911173607 0.0 
0.0 0.10918213928257936 0.0 2.858074190359786 0.0 
0.0 -0.008046758796662903 0.0 -0.00908973529369004 0.0 
0.0 -0.0029701 0.0 -0.006926405599 0.0 
0.0 -0.006748720481161902 0.0 -0.008033526745300001 0.0 
0.0 1.9209495905857024 0.0 1.9345793104831526 0.0 
-0.014875021073071369 0.0 -0.014497089474681823 0.0 0.0 
-0.014947692692761003 0.0 -0.0156731661076558 0.0 0.0 
-0.015826399476921344 0.0 -0.016482236951184653 0.0 0.0 
-0.016580344174978057 0.0 -0.01705025044608073 0.0 0.0 
-0.017459425542305576 0.0 -0.016344212803478888 0.0 0.0 
-0.018508299257662012 0.0 -0.0011632842403592608 0.0 0.0 
-0.017067528966397585 0.0 0.12728785727961406 0.0 0.0 
0.01375793373310365 0.0 0.8086796697841402 0.0 0.0 
0.22283812735294922 0.0 2.631843208024504 0.0 0.0 
1.3174838851676944 0.0 2.019232087524605 0.0 0.0 
2.0229520494647923 0.0 2.0167554117470705 0.0 0.0 
2.0268857170520183 0.0 2.047717944329307 0.0 0.0 
2.0086183939522844 2.5384453206826243 2.0378804563695243 2.035235449994846 0.0 
2.037444848821929 0.0 2.0593766224396948 0.0 0.0 
2.04683453430843 0.0 2.059808482468508 0.0 0.0 
2.0556309554812042 0.0 0.7234618594267348 0.0 0.0 
2.1086359560728276 0.0 0.07814441876729218 0.0 0.0 
0.4610460863508704 0.0 -0.011088864475063624 0.0 0.0 
0.045400182161672145 0.0 -0.015141652455127263 0.0 0.0 
-0.012122602574277289 0.0 -0.014882993731816672 0.0 0.0 
-0.013073909426844284 0.0 -0.01412640684422076 0.0 0.0 
-0.012398370138890669 0.0 -0.012295937217489518 0.0 0.0 
-0.010776621250570873 0.0 -0.00227331181014768 0.0 0.0 
-0.009220713196259969 0.0 0.08649313320739516 0.0 0.0 
0.0028597320640610206 0.0 0.0 0.6489264157117949 0.0 
0.0 0.0 -0.009601670924350405 -0.00908973529369004 0.0 
-0.010508940359019947 0.0 -0.009854312320893403 0.0 0.0 
-0.010529592300399949 0.0 -0.010527610908257379 0.0 0.0 
-0.011355669955600032 0.0 -0.010805578214967276 0.0 0.0 
-0.011453329136024107 0.0 -0.011361518342639598 0.0 0.0 
-0.012194575287250504 0.0 -0.011361794209143914 0.0 0.0 
-0.012284636694624512 0.0 -0.011367317798490099 0.0 0.0 
-0.012569280892706633 0.0 -0.012333654125067355 0.0 0.0 
-0.013342604091750313 0.0 -0.012638526949438978 0.0 0.0 
-0.013400937178612135 0.0 -0.01426065951079031 0.0 0.0 
-0.015206578740221192 0.0 -0.015387240195149756 0.0 0.0 
-0.016046906256845732 0.0 -0.012602646171176714 0.0 0.0 
-0.017578874851933657 0.017940004582344536 -0.017003238564236706 0.0 0.0 
-0.012460642936567207 0.0 -0.015356633097807701 0.0 0.0 
-0.013095259452300983 0.0 -0.013263606416233252 0.0 0.0 
-0.010439340492683519 0.0 -0.013097463245635732 0.0 0.0 
-0.010573307482875854 0.0 -0.013083320364878748 0.0 0.0 
-0.010400002379032961 0.0 -0.01308263394257414 0.0 0.0 
-0.010384657973271486 0.0 -0.013082621398704659 0.0 0.0 
-0.010383970580695942 0.0 -0.013082621387254682 0.0 0.0 
-0.010383958033339673 0.0 -0.013097630850749518 0.0 0.0 
-0.010383958021889699 0.0 -0.013685263718023597 0.0 0.0 
-0.010732636461954832 0.0 -0.01269624350551497 0.0 0.0 
-0.009296183627324282 0.0 -0.011487297268227436 0.0 0.0 
-0.008558910048867573 -0.010105162723783714 -0.009669459960481151 0.0 0.0 
-0.006183823998411776 0.0 -0.00877233980408164 0.0 0.0 
-0.0041831194786731835 0.0 -0.008217953068051715 0.0 0.0 
-0.003063942182007947 0.0 -0.007801762635190001 0.0 0.0 
-0.0029701 0.0 -0.0072605040391 0.0 0.0 
-0.00199 0.0 -0.006757115599 0.0 0.0 
-0.001 0.0 -0.006926405599 0.0 0.0 
-0.00199 0.0 -0.006926405599 0.0 0.0 
-0.00199 0.0 -0.006926405599 0.0 0.0 
-0.00199 0.0 -0.006926405599 0.0 0.0 
-0.00199 0.0 -0.006926405599 0.0 0.0 
-0.00199 0.0 -0.006926405599 0.0 0.0 
-0.0029701 0.0 0.0 -0.006926405599 0.0 
0.0 0.0 -0.0070036626673400425 -0.008961504985316972 0.0 
-0.009041529834561355 0.0 -0.007643389406897716 0.0 0.0 
-0.009809296119028473 0.0 -0.007681522438350881 0.0 0.0 
-0.009876909028500403 0.0 -0.008024499828595835 0.0 0.0 
-0.009955901084421 0.0 -0.009560768693994533 0.0 0.0 
-0.01144159795872668 0.0 -0.010587659938659033 0.0 0.0 
-0.012334283717157082 0.0 -0.00815698429138297 0.0 0.0 
-0.013225056196780922 0.0 0.02010134781264021 0.0 0.0 
-0.008700249398832 0.0 0.20530788193779476 0.0 0.0 
0.046459605123510925 0.0 1.1228683116877063 0.0 0.0 
0.3824817981186383 0.0 1.8334001087603795 0.0 0.0 
1.8376293879557537 0.0 1.822405537747082 0.0 0.0 
1.8131440499138636 2.1328116347588737 1.8145414383845528 1.8174807124438943 0.0 
1.8556492932353887 0.0 1.8691816459295756 0.0 0.0 
1.8504283538428477 0.0 1.8540069131660113 0.0 0.0 
1.8477896839929244 0.0 0.4263350572941915 0.0 0.0 
1.2638453829220784 0.0 0.02244837513103522 0.0 0.0 
0.13980795893963632 0.0 -0.01210163244220297 0.0 0.0 
0.010386761479554358 0.0 -0.015184046044628273 0.0 0.0 
-0.011631765207424729 0.0 -0.015652466897429662 0.0 0.0 
-0.014790242741422478 0.0 -0.015613624942642762 0.0 0.0 
-0.014971729770237904 0.0 -0.015572723835651909 0.0 0.0 
-0.01582555753584569 0.0 -0.015527814879751037 0.0 0.0 
-0.015889482277910007 0.0 -0.01537856634546171 0.0 0.0 
-0.015389780621370279 0.0 -0.014687078272051523 0.0 0.0 
0.0 2.0213213380051376 0.0 2.5420400656544384 0.0 
0.0 0.2236968536545047 0.0 -0.014521466037894039 0.0 
0.0 -0.010878284446659812 0.0 -0.010775310551810307 0.0 
0.0 1.829906260426153 0.0 2.65848019461218 0.0 
0.0 1.9787359660001038 0.0 2.2502783553739647 0.0 
0.0 1.0571915378818386 0.0 0.02852916332478979 0.0 
0.0 -0.011584222972586608 0.0 -0.011741373504500307 0.0 
0.0 1.8447935628923036 0.0 1.9881208937434423 0.0 
0.0 1.8915549108871057 0.0 1.9106188755172295 0.0 
0.0 3.0042119420000906 0.0 0.2930300124023808 0.0 
0.0 -0.012627846295234505 0.0 -0.012451824231285416 0.0 
0.0 1.7425672627758102 0.0 1.7716975056871125 0.0 
0.0 1.745295571392687 0.0 1.7464208226678015 0.0 
0.0 5.104794888484378 0.0 1.3440380648395798 0.0 
0.0 -0.01423825761777638 0.0 -0.014037899855917402 0.0 
0.0 2.8540876877148356 0.0 1.60604185976229 0.0 
0.0 1.7258910758888342 0.0 2.597798572556618 0.0 
0.0 5.655589780055996 0.0 3.898724463887814 0.0 
0.0 -0.014640154424925687 0.0 -0.015486476940739138 0.0 
0.0 1.6209620447546242 0.0 3.3392220131721695 0.0 
0.0 1.6549928630062565 0.0 1.7495001270916313 0.0 
0.0 5.5827755773309145 0.0 5.6207956100423475 0.0 
0.0 -0.015886345109748495 0.0 -0.01649053091253142 0.0 
0.0 1.5969848263903303 0.0 2.022891857700491 0.0 
0.0 1.6291613586225553 0.0 1.586675029514029 0.0 
0.0 4.997681975596845 0.0 5.803352848342379 0.0 
0.0 -0.016762312854145565 0.0 -0.017661555261765476 0.0 
0.0 1.540268751938652 0.0 1.5589411098123562 0.0 
0.0 3.6309823528255984 0.0 1.4950618652459595 0.0 
0.0 3.7508669875401206 0.0 5.798667550752599 0.0 
0.0 -0.017074803054339498 0.0 -0.018531796716851387 0.0 
0.0 1.7168750145603466 0.0 1.467605863324233 0.0 
0.0 1.4940322294083344 0.0 4.737799074037564 0.0 
0.0 2.4178905638061163 0.0 5.244821926146155 0.0 
0.0 -0.018206155511968858 0.0 -0.01900408446906124 0.0 
0.0 1.4522132051280816 0.0 2.003422997334097 0.0 
0.0 1.446055303299496 0.0 2.3943519688575368 0.0 
0.0 1.2339475304269825 0.0 4.161685382198276 0.0 
0.0 -0.019643742663784845 0.0 -0.020060433845809945 0.0 
0.0 1.440327501265345 0.0 1.517267593375327 0.0 
0.0 1.3836896937345606 0.0 1.6308117025599476 0.0 
0.0 0.38971649915822715 0.0 2.8471558655707367 0.0 
0.0 -0.022077978877810996 0.0 -0.021223625397529353 0.0 
0.0 1.3749765311984958 0.0 1.3803257618501403 0.0 
0.0 1.2858309691139487 1.284457775347389 1.3314997118892864 0.0 
8.059633132369319 0.0 1.2700701569026873 0.0 0.0 
3.8756547386446734 0.0 1.267036313680284 0.0 0.0 
1.8636538818932973 0.0 1.2260470817315043 0.0 0.0 
1.2454902755274202 0.0 1.1644526599925924 0.0 0.0 
5.212346389441306 0.0 1.1437462471063666 0.0 0.0 
1.8525222360688198 0.0 1.139000596374784 0.0 0.0 
1.135959046213588 0.0 1.0816051891811882 0.0 0.0 
1.0160552966576726 0.0 2.0909796026789595 0.0 0.0 
2.11006730811476 0.0 1.0653593025727406 0.0 0.0 
1.740241596138552 0.0 1.0059249698332293 0.0 0.0 
1.1513610986153406 0.0 0.9594277967192305 0.0 0.0 
0.9197840038344097 0.0 0.903940383897636 0.0 0.0 
5.257995096137172 0.0 0.8990746140252867 0.0 0.0 
2.0435252015679977 0.0 0.896541313430222 0.0 0.0 
1.0433610403665015 0.0 0.8760529412752551 0.0 0.0 
0.8183742277203954 0.0 1.5860323999271677 0.0 0.0 
2.0345890468363197 0.0 0.8045966803323567 0.0 0.0 
0.9033207494494822 0.0 0.8027549827881352 0.0 0.0 
0.7894906023529872 0.0 0.7756142307948111 0.0 0.0 
0.715693918300044 0.0 0.7122289668474018 0.0 0.0 
4.115316492891143 0.0 0.6943241694132339 0.0 0.0 
1.1613969480667665 0.0 0.6994612840392697 0.0 0.0 
0.6982355392138901 0.0 0.6756122913605325 0.0 0.0 
0.6308378859650249 1.5124922860382406 0.6227813515353511 0.0 0.0 
0.649371365855492 0.0 0.6398350570911161 0.0 0.0 
0.6393806872377676 0.0 0.6429846369993374 0.0 0.0 
0.6423810434840962 0.0 0.6466272614639414 0.0 0.0 
0.6443892030389087 0.0 0.6484207670482908 0.0 0.0 
0.645045180157558 0.0 0.6513222256858812 0.0 0.0 
0.6472826374753953 0.0 0.6525688737275954 0.0 0.0 
0.6495077382111833 0.0 0.6541213417490255 0.0 0.0 
0.6498783977290643 0.0 0.6563193787714416 0.0 0.0 
0.6509283271393093 0.0 0.6555681897115613 0.0 0.0 
0.6530411979820081 0.0 0.3838377805443387 0.0 0.0 
0.8359803661121701 0.0 0.5424150520793443 0.0 0.0 
0.13067430030226118 0.0 0.0 1.4789486359521644 0.0 
0.0 0.0 -0.023535050317803903 -0.023909279090096124 0.0 
-0.02506953735049574 0.0 -0.0239991444384173 0.0 0.0 
-0.026292137167531572 0.0 -0.01574535546417969 0.0 0.0 
-0.0262425110526188 0.0 0.07503731423509721 0.0 0.0 
-0.010802592605231073 0.0 0.5282811402812307 0.0 0.0 
0.14290484824041283 0.0 0.7023322658193161 0.0 0.0 
0.7043633986159037 0.0 0.7019092807221957 0.0 0.0 
0.7053757712009056 0.0 0.7044355353269965 0.0 0.0 
0.7085698065223167 0.0 0.702087691503174 0.0 0.0 
0.7060954057000095 0.0 0.702126316618721 0.0 0.0 
0.7053058529646051 0.0 0.705037851197725 0.0 0.0 
0.7073448210132474 0.0 0.8365484963664097 0.0 0.0 
0.6776031120639242 0.8000837612649585 0.6803193687800414 0.0 0.0 
0.7119694889431801 0.0 0.8245863919232336 0.0 0.0 
0.752074966088348 0.0 1.7445397255510344 0.0 0.0 
0.7540861357372245 0.0 5.407327768997257 0.0 0.0 
0.7584964225312056 0.0 0.8034067053143401 0.0 0.0 
0.8138695589901518 0.0 1.157499919625082 0.0 0.0 
0.8422957540616718 0.0 2.4781030788051455 0.0 0.0 
0.8244693897878564 0.0 6.240511305733355 0.0 0.0 
0.8329150241848581 0.0 0.855245594175464 0.0 0.0 
0.905783880055022 0.0 1.0472284973650638 0.0 0.0 
0.9368049032125292 0.0 1.946662997607735 0.0 0.0 
0.9590616288296561 0.0 5.6308030478520195 0.0 0.0 
0.9679751369484595 0.0 1.164224629395194 0.0 0.0 
1.0292878136802457 0.0 1.9789803454191162 0.0 0.0 
1.1042482943089813 0.0 4.088087283019776 0.0 0.0 
1.1299339286850485 0.0 7.983405760942423 0.0 0.0 
1.1534948739829 0.0 1.251116379228055 0.0 0.0 
1.2402603904532061 0.0 1.5059357573206367 0.0 0.0 
1.293912823091973 0.0 1.7766555489368323 0.0 0.0 
1.3780805141839825 0.0 1.4580189979300262 0.0 0.0 
1.4658034781001519 0.0 2.4133443803952663 0.0 0.0 
2.5562839010710783 0.0 1.3981560665127184 0.0 0.0 
1.60377244999664 0.0 1.4044330131303504 0.0 0.0 
1.3743192267581057 0.0 1.3652642268368662 0.0 0.0 
1.309121329090749 2.981952687866956 0.0 1.3136711746328005 0.0 
0.0 1.2753083304591164 0.0 1.2807717432828094 0.0 
0.0 0.6380240418069446 0.0 1.5368536486513815 0.0 
0.0 0.7246297072822065 0.0 0.7953746503892332 0.0 
0.0 1.368956320192142 0.0 3.0684188217827986 0.0 
0.0 1.2555257715097432 0.0 1.4126610174197891 0.0 
0.0 0.6154677527087865 0.0 0.9817802660278275 0.0 
0.0 0.6573819619601143 0.0 0.9856916255252648 0.0 
0.0 1.3179135062562413 0.0 2.124421163679717 0.0 
0.0 1.2224195581344983 0.0 1.221449010983185 0.0 
0.0 0.5944243797946727 0.0 0.6504209766001063 0.0 
0.0 0.6344743461515963 0.0 0.778901207183851 0.0 
0.0 1.27508153177852 0.0 1.5127116425039193 0.0 
0.0 1.333881068662912 0.0 1.1774632822529991 0.0 
0.0 0.5542413641018986 0.0 0.5580049909049734 0.0 
0.0 0.5908387538855985 0.0 0.6219370365850432 0.0 
0.0 1.1788285856327119 0.0 1.2238266910260533 0.0 
0.0 1.1680971589107996 0.0 1.3409075738587555 0.0 
0.0 0.5550596812279662 0.0 2.349928835420031 0.0 
0.0 0.576261016120006 0.0 5.245075715117751 0.0 
0.0 1.1453093647676962 0.0 7.730127822055713 0.0 
0.0 1.1343969981262898 0.0 1.179695779328749 0.0 
0.0 0.55813295554061 0.0 0.7065361124376874 0.0 
0.0 0.5561831564692342 0.0 1.5635018205343394 0.0 
0.0 1.1155077306721635 0.0 3.741073150886325 0.0 
0.0 1.0846988130213353 0.0 1.080243615002635 0.0 
0.0 0.5324934892822353 0.0 0.5443282253932101 0.0 
0.0 0.5310530507683164 0.0 0.6458549297168078 0.0 
0.0 1.0668240718649973 0.0 1.8135074564051517 0.0 
0.0 1.0266441242297857 0.0 1.0258095300540742 0.0 
0.0 1.1764396052715391 0.0 0.5038672862024894 0.0 
0.0 1.3663231191592324 0.0 0.4996869851910633 0.0 
0.0 1.0109038878722019 0.0 1.1454750980519472 0.0 
0.0 1.0089195662099886 0.0 1.012256807610854 0.0 
0.0 0.4915909790590286 0.0 1.2040908926754974 0.0 
0.0 0.5055264404971517 0.0 2.16951075012489 0.0 
0.0 0.9930461877877734 0.0 6.655170494924647 0.0 
0.0 0.9998833275368608 0.0 0.9999917980598595 0.0 
0.0 0.47861932441241195 0.0 0.5653738394935804 0.0 
0.0 0.48618825489035544 0.0 0.8840050021060253 0.0 
0.0 0.9788127596684928 0.0 2.5938412562841844 0.0 
0.0 0.988380117382079 0.0 0.9659081802521858 0.0 
0.0 0.45841934848024557 0.0 0.4567032639679917 0.0 
0.0 0.47446080774732374 0.0 0.4783361381310348 0.0 
0.0 0.9398118794653204 0.0 1.2033801876280041 0.0 
0.0 1.1566089103310473 1.2429967488910678 0.0 0.0 
1.2504552220671907 0.0 1.1634547967338769 0.0 0.0 
1.303548345424536 0.0 1.1330856040490134 0.0 0.0 
1.1022671269484956 0.0 1.0808382011702509 0.0 0.0 
1.0097862182274377 0.0 1.2861064487816698 0.0 0.0 
1.293472013183393 0.0 1.0093199455653377 0.0 0.0 
1.3742416687217205 0.0 1.0203645556361234 0.0 0.0 
1.0180220903200385 0.0 0.9876766063407363 0.0 0.0 
0.9168366440299947 0.0 0.9179593242953514 0.9194506240874549 0.0 
2.7959540873105615 0.0 0.9109903899723316 0.0 0.0 
1.0257873963548783 0.0 0.8775340873898162 0.0 0.0 
0.8920936679740048 0.0 0.8454417946145718 0.0 0.0 
0.8065983807768299 0.0 1.315335609480576 0.0 0.0 
1.3081253783956233 0.0 0.7997951786970756 0.0 0.0 
1.1200814366323422 0.0 0.7807775706792016 0.0 0.0 
0.7874078899187306 0.0 0.7596849846445443 0.0 0.0 
0.7143531965038077 0.0 1.3692221909163875 0.0 0.0 
1.7810121483023091 0.0 0.6908315098979864 0.0 0.0 
0.8843438520338436 0.0 0.6728992147333268 0.0 0.0 
0.6652469885579835 0.0 0.645349982165746 0.0 0.0 
0.6194323892127732 0.6194275830195158 0.620838358268606 0.0 0.0 
1.6106767358977463 0.0 0.6153408750649175 0.0 0.0 
0.7149280416988084 0.0 0.6068339433517295 0.0 0.0 
0.5916938447714084 0.0 0.5756284679858106 0.0 0.0 
0.55414075901983 0.0 0.916030519868315 0.0 0.0 
0.9216023014656478 0.0 0.5446670721960318 0.0 0.0 
0.6149294289477107 0.0 0.5292662265211697 0.0 0.0 
0.5130141428822645 0.0 0.620577291682047 0.0 0.0 
0.4972485160609068 0.0 0.7266944222838059 0.0 0.0 
0.731098397382706 0.0 0.5069954684929718 0.0 0.0 
0.6960241660787613 0.0 0.48538514826977625 0.0 0.0 
0.4888981984412983 0.0 0.4721495971005742 0.0 0.0 
0.4382476343361309 0.0 1.784224508674142 0.43571871243388405 0.0 
1.840731781838397 0.0 0.4311614979787531 0.0 0.0 
0.8598646892400605 0.0 0.42382557664932663 0.0 0.0 
0.44821143090469967 0.0 0.42603466974150667 0.0 0.0 
0.40881417841465795 0.0 0.4084890406533982 0.0 0.0 
7.120389201900915 0.0 0.39592894240855786 0.0 0.0 
3.4283339972052564 0.0 0.38613388013002387 0.0 0.0 
1.4053299834624358 0.0 0.3750975098685039 0.0 0.0 
0.6055847641082748 0.0 0.36165092637583407 0.0 0.0 
5.0051967723341715 0.0 0.35415135885307586 0.0 0.0 
1.3856172183316464 0.0 0.34480773232834866 0.0 0.0 
0.46939038417626966 0.0 0.3270144866841128 0.0 0.0 
0.312883355735346 0.30251821579100413 0.7947853328258001 0.0 0.0 
0.9006484342002398 0.0 0.48743596517903254 0.0 0.0 
0.486274268703518 0.0 0.2908009515007368 0.0 0.0 
0.6049836588752951 0.0 0.2690893088147215 0.0 0.0 
0.34299582686988606 0.0 0.24711507346270023 0.0 0.0 
0.2376838561031984 0.0 0.22432946942235132 0.0 0.0 
0.21289997022510532 0.0 5.567105163293629 0.0 0.0 
0.2530376700285772 0.0 6.208895436212723 0.0 0.0 
0.2895399087678351 0.0 6.93435407814914 0.0 0.0 
0.3058322241021822 0.0 7.75628034798802 0.0 0.0 
0.3086060813308277 0.0 8.664763082109287 0.0 0.0 
0.30687136812213683 0.0 9.244922025412384 0.0 0.0 
0.3120684323660362 0.31326538025335987 6.907520918323735 0.0 0.0 
0.3281983366327748 0.0 7.724474625388586 0.0 0.0 
0.3314981965352539 0.0 8.628759409469806 0.0 0.0 
0.34123730243310696 0.0 9.205671326109183 0.0 0.0 
0.3512241292230174 0.0 6.866104189444677 0.0 0.0 
0.37530059686434836 0.0 7.68204700624774 0.0 0.0 
0.3795638915033977 0.0 8.586490359246998 0.0 0.0 
0.38359500283072173 0.0 9.16468631076779 0.0 0.0 
0.3866045515664772 0.0 6.827431747013413 0.0 0.0 
0.4143937354091398 0.0 7.646572958336387 0.0 0.0 
0.4358232427279561 0.0 8.554919095739681 0.0 0.0 
0.44350128695315183 0.0 9.137508298666019 0.0 0.0 
0.45488971265147665 0.0 6.804897061817389 0.45605367822313336 0.0 
0.47258656187138504 0.0 7.628672039544692 0.0 0.0 
0.4898697276940264 0.0 8.541370564402024 0.0 0.0 
0.5039452258629052 0.0 9.127733429273162 0.0 0.0 
0.5121340915366137 0.0 6.7978465808605195 0.0 0.0 
0.545129191061989 0.0 7.621861337372374 0.0 0.0 
0.5636948563773387 0.0 8.526058080786965 0.0 0.0 
0.5806355755682627 0.0 8.973023934096378 0.0 0.0 
0.5837834270296562 0.0 2.2292116128455772 0.0 0.0 
2.2158906346691274 0.0 1.5520302294609756 0.0 0.0 
1.5438012974784354 0.0 1.2028862568204108 0.0 0.0 
1.196733831802549 0.0 1.180527491642079 0.0 0.0 
1.1741707139874025 0.6719046649651869 0.6623000766894125 0.0 0.0 
0.6642911012888811 0.0 0.6694616685740539 0.0 0.0 
0.6946650903245972 0.0 0.7011134669369546 0.0 0.0 
0.712762224539642 0.0 1.1466885739324324 0.0 0.0 
1.0435771782654721 0.0 0.7275278693591246 0.0 0.0 
0.7504714416336069 0.0 0.7504651132029743 0.0 0.0 
0.7681097534597502 0.0 0.777173543126844 0.0 0.0 
0.7869743947647476 0.0 0.8421535314120769 0.0 0.0 
0.8467217028670672 0.0 0.8059000002849745 0.0 0.0 
0.8628227243477685 0.0 0.8845806208092022 0.0 0.0 
0.8886355725435866 0.0 1.3459926905292425 0.0 0.0 
0.8818822986542275 0.0 4.292747660771304 0.0 0.0 
0.8951093753424801 0.0 0.8939599747345085 0.9097913642193773 0.0 
0.9508253441052251 0.0 0.953708416039318 0.0 0.0 
0.9677732716202951 0.0 1.1191561299910524 0.0 0.0 
0.9755633864080584 0.0 2.0702533885206353 0.0 0.0 
1.9474535936253248 0.0 0.9796854293012096 0.0 0.0 
1.038323498485361 0.0 1.0656987269048115 0.0 0.0 
1.0758389632349723 0.0 1.332834833277428 0.0 0.0 
1.107816732932268 0.0 2.0534463483308176 0.0 0.0 
1.9601846843133104 1.1091872135564262 0.0 0.0 0.0 
0.0 1.1925057677570126 0.0 1.325156056556163 0.0 
0.0 0.6695097727567226 0.0 0.6549140795594289 0.0 
0.0 0.3364570942952824 0.0 0.3237400985854012 0.0 
0.0 0.3265254992557911 0.0 0.9755912086763481 0.0 
0.0 0.8461799129173636 0.0 0.7101830601975049 0.0 
0.0 1.1469244584238132 0.0 1.1361465901440182 0.0 
0.0 1.228822737315156 0.0 1.2202487830638549 0.0 
0.0 0.8497001965394512 0.0 0.6893064198604072 0.0 
0.0 0.4912944056954186 0.0 0.3347667993550688 0.0 
0.0 0.33451176303004204 0.0 0.3298400372649162 0.0 
0.0 1.6780938697436922 0.0 0.7286475803990087 0.0 
0.0 1.1674243264616244 0.0 1.1779346580290238 0.0 
0.0 1.217752934588895 0.0 1.209251811168435 0.0 
0.0 1.2176119022836913 0.0 0.6668759066697888 0.0 
0.0 0.8307278425769136 0.0 0.3415233654972938 0.0 
0.0 1.3302505186434415 0.0 0.3319283608023583 0.0 
0.0 4.354373405436368 0.0 0.7218843593868378 0.0 
0.0 1.1893350017076425 0.0 1.195387626017848 0.0 
0.0 1.2335223513054854 0.0 1.2320483508703854 0.0 
0.0 0.6793625494244522 0.0 1.210139701590078 0.0 
0.0 0.33729879234041593 0.0 0.8252960484004729 0.0 
0.0 0.33279473991522235 0.0 0.3327476438465754 0.0 
0.0 0.7665014419798166 0.0 0.734884031838086 0.0 
0.0 1.1919985296114897 0.0 1.1948277473298017 0.0 
0.0 1.2668825077653223 0.0 1.2694691455205873 0.0 
0.0 0.7574834776765684 0.0 0.7353812647169724 0.0 
0.0 0.3534987744900087 0.0 0.3527216077299126 0.0 
0.0 0.34742794102825275 0.0 0.34691125493289693 0.0 
0.0 0.9343535642762247 0.0 0.7899765482451362 0.0 
0.0 1.2423330164132316 0.0 1.234044309714086 0.0 
0.0 1.2925593626583611 0.0 1.300385792400502 0.0 
0.0 0.7899197885899417 0.0 0.757504488677507 0.0 
0.0 0.392327667284615 0.0 0.36124219928939694 0.0 
0.0 0.34806388421968065 0.0 0.3488238259975068 0.0 
0.0 1.3355811428553284 0.0 0.8283334661134689 0.0 
0.0 1.2726137816040228 0.0 1.282593935425576 0.0 
0.0 1.3159282442695965 0.0 1.3250091041095309 0.0 
0.0 1.7534983770632275 0.0 0.7572913616107669 0.0 
0.0 1.3728360934391834 0.0 0.3719952455142425 0.0 
0.0 1.349417270627916 0.0 0.34899400450126195 0.0 
0.0 3.3618755974046106 0.0 0.8985958641908838 0.0 
0.0 1.2567144150409948 0.0 1.2653791978391649 0.0 
0.0 1.3231734469191951 0.0 1.3318917614798544 0.0 
0.0 0.7675996541155539 0.0 0.7650876068454272 0.0 
0.0 0.3780443406756186 0.0 0.374938806494559 0.0 
0.0 0.3593085209391638 0.0 0.35558711187275666 0.0 
0.0 0.8935739931473118 0.0 0.8531391795681942 0.0 
0.0 1.2571054619584265 0.0 1.2620660651871467 0.0 
0.0 1.356557941622007 0.0 1.3663810971168877 0.0 
0.0 0.8566650826599005 0.0 0.8214512501038433 0.0 
0.0 0.4646353939011819 0.0 0.396309117024658 0.0 
0.0 0.43707198868241737 0.0 0.3857022375600623 0.0 
0.0 1.1458001287192219 0.0 0.9101448223887593 0.0 
0.0 1.2836633133283852 0.0 1.2888969219817314 0.0 
0.0 1.3948826269326815 0.0 1.3910083396515254 0.0 
0.0 1.1805722615124379 0.0 0.8522438165113715 0.0 
0.0 0.9942511814317184 0.0 0.4023859012063276 0.0 
0.0 0.7364916204902414 0.0 0.40227442185185325 0.0 
0.0 1.007428653707516 0.0 0.9650775459031362 0.0 
0.0 1.3047348186514656 0.0 1.3083667578977913 0.0 
0.0 1.4007385854719687 0.0 1.4087510925292337 0.0 
0.0 1.5427180012852306 0.0 0.8565039673084157 0.0 
0.0 0.9722842861650021 0.0 0.5257517315284876 0.0 
0.0 1.2394914550718914 0.0 0.4272264557514954 0.0 
0.0 0.9993110895533256 0.0 1.0028757135397905 0.0 
0.0 1.3171268998901497 0.0 1.328287572900762 0.0 
0.0 1.4131903192293622 0.0 1.4160120291652354 0.0 
0.0 0.8761230547758185 0.0 1.5506138809759402 0.0 
0.0 0.6321658819323582 0.706565205127637 0.0 0.0 
0.7108233978833435 0.0 0.6336678183698636 0.0 0.0 
0.8634133452595865 0.0 0.600957764215681 0.0 0.0 
0.6025281022722544 0.0 0.5666008603584888 0.0 0.0 
0.5306955761015959 0.0 0.530602976555599 0.0 0.0 
1.516654402584213 0.0 0.5196423591274207 0.0 0.0 
0.5329348647789348 0.0 0.5333796336707401 0.0 0.0 
0.5271677539330843 0.0 0.6448347673268252 0.0 0.0 
0.48650426867733054 0.0 1.7950491786849545 0.0 0.0 
1.8125903977245263 0.0 0.47449175728179144 0.0 0.0 
0.8027744184184217 0.0 0.45993774311386487 0.0 0.0 
0.46884025889845515 0.0 0.44223920465681077 0.0 0.0 
0.41775378347028014 0.0 0.0 0.9654317808081878 0.0 
0.0 0.0 0.4223151979708834 1.2282659845910286 0.0 
0.44057912901571594 0.0 0.5828233972902159 0.0 0.0 
0.45668899894034803 0.0 1.3528009051596406 0.0 0.0 
0.45937574419662086 0.0 4.2053784257045566 0.0 0.0 
0.471827754927572 0.0 0.5080491282885287 0.0 0.0 
0.49156259460128376 0.0 0.4867143762153554 0.0 0.0 
0.4873152284839901 0.0 0.5762696545618883 0.0 0.0 
0.49871248261271506 0.0 2.392059651360904 0.0 0.0 
0.506358615485096 0.0 0.5214567048526009 0.0 0.0 
0.5451630636308676 0.0 0.7422579427383771 0.0 0.0 
0.5633944848846146 0.0 1.902412959323185 0.0 0.0 
0.5724488451938384 0.0 5.767605999790311 0.0 0.0 
0.5822983285403899 0.6197035644918006 0.0 0.0 0.0 
0.0 1.0029624982859422 0.0 1.0042668630453404 0.0 
0.0 1.316191265558699 0.0 1.3226596286211956 0.0 
0.0 1.4866402991694345 0.0 1.4494230449874148 0.0 
0.0 0.9746658080016836 0.0 0.9490690862337271 0.0 
0.0 0.7489637845482686 0.0 0.6716878770133858 0.0 
0.0 0.7295979967701959 0.0 0.612991517649337 0.0 
0.0 1.0986745395987942 0.0 1.067922111373371 0.0 
0.0 1.338295667695315 0.0 1.3499472731540472 0.0 
0.0 1.9783674577184238 0.0 1.4884724217945748 0.0 
0.0 1.2849881588850285 0.0 0.9765917782124978 0.0 
0.0 1.2443755788401303 0.0 0.7159023270903798 0.0 
0.0 0.7568022957278682 0.0 0.6339087321273968 0.0 
0.0 1.3646742534717013 0.0 1.1155394810991093 0.0 
0.0 1.4740608448180166 0.0 1.3557398389797024 0.0 
0.0 2.975365317792156 0.0 1.4619206333067931 0.0 
0.0 2.7205556809070166 0.0 0.9802798232943959 0.0 
0.0 1.536855191042 0.0 0.7703332070326815 0.0 
0.0 1.9449386532216966 0.0 0.7023026333833906 0.0 
0.0 2.3373552266449904 0.0 1.0983143756913423 0.0 
0.0 1.5392036615836597 0.0 1.3580656177761583 0.0 
0.0 1.476635347472336 0.0 2.9496661823646257 0.0 
0.0 0.9821478190693428 0.0 1.7000916662683703 0.0 
0.0 0.7372839563010631 0.0 1.5282133049816702 0.0 
0.0 0.6605359207297077 0.0 0.9605040641992171 0.0 
0.0 1.1076753362501817 0.0 1.7181481186113199 0.0 
0.0 1.3871556194923746 0.0 1.5478548175484566 0.0 
0.0 1.5423125189330764 0.0 1.537706595526095 0.0 
0.0 1.1283011088108175 0.0 1.0484201791982208 0.0 
0.0 0.8037334928319736 0.0 0.7860379224655776 0.0 
0.0 0.90879602118969 0.0 0.6866626764989611 0.0 
0.0 1.2261149311010158 0.0 1.1770725824944752 0.0 
0.0 1.4266897804498144 0.0 1.5940153582573453 0.0 
0.0 1.580533227200747 0.0 1.5809382980903592 0.0 
0.0 1.859861393925822 0.0 1.122974732025584 0.0 
0.0 1.0922123295154278 0.0 0.8201294582430877 0.0 
0.0 1.9139457350729978 0.0 0.709189396594059 0.0 
0.0 1.25003275051208 0.0 1.2558127566301291 0.0 
0.0 1.4718089664143057 0.0 1.462893773410607 0.0 
0.0 1.5655671908907798 0.0 1.5702249342172714 0.0 
0.0 4.151949763605425 0.0 1.1620558427278622 0.0 
0.0 3.510146658455662 0.0 0.8186711081155078 0.0 
0.0 4.909994776013325 0.0 0.6992182616339575 0.0 
0.0 1.2877062954941607 0.0 1.2428143781158543 0.0 
0.0 1.4646371556480233 0.0 1.4695849167784198 0.0 
0.0 1.5699412292013308 0.0 1.5700537698031927 0.0 
0.0 1.1886591918661766 0.0 1.1825339854104715 0.0 
0.0 0.8626441930510989 0.0 0.8325511205491569 0.0 
0.0 0.7582378618352325 0.0 0.7170408890564118 0.0 
0.0 1.3325025244270754 0.0 1.2348895952823093 0.0 
0.0 1.4683597609697066 0.0 1.4691364816762986 0.0 
0.0 1.6110442660710158 0.0 1.6117994395843507 0.0 
0.0 1.3552506091394034 0.0 1.2784573714109804 0.0 
0.0 1.172110928106514 0.0 0.8951790811415355 0.0 
0.0 0.809867340080604 0.0 0.7611235867670162 0.0 
0.0 1.2536592411443883 0.0 1.3252021003380134 0.0 
0.0 1.5359360285556598 0.0 1.5227292121169234 0.0 
0.0 1.6480195097665749 0.0 1.6493847537382458 0.0 
0.0 1.7951496740625221 0.0 1.3207075081817978 0.0 
0.0 1.8660319890878594 0.0 0.9293311717987978 0.0 
0.0 1.0500801398407524 0.0 0.7659797465378634 0.0 
0.0 1.2477656846578373 0.0 1.2808329428724354 0.0 
0.0 1.6783864358792957 0.0 1.5877145541032769 0.0 
0.0 1.6205294677116557 0.0 1.623589167317147 0.0 
0.0 1.375123710284139 0.0 1.3381196650221856 0.0 
0.0 1.9289611026359734 0.0 1.0081040643891184 0.0 
0.0 3.3872210381566066 0.0 0.7762844619743464 0.0 
0.0 1.2095920081564098 0.0 1.2169393698045807 0.0 
0.0 1.9570246195932366 0.0 1.6222607094992199 0.0 
0.0 0.0 1.6277119052311395 1.6281535176068538 0.0 
1.6517569752215946 0.0 1.6469483604399604 0.0 0.0 
1.674842432304597 0.0 1.6790515235090437 0.0 0.0 
1.6798414324423718 0.0 1.7074724818490237 0.0 0.0 
1.70885246689213 0.0 1.6837107353665066 0.0 0.0 
1.7258327961328892 0.0 1.722685930999291 0.0 0.0 
1.7620661688574035 0.0 1.7696670153520755 0.0 0.0 
1.7693452263388942 0.0 1.7507255422552466 0.0 0.0 
1.758697297183599 0.0 2.272750952916782 0.0 0.0 
2.3924044215579787 0.0 1.7675040761710692 0.0 0.0 
2.000778239276121 0.0 1.760701779634964 0.0 0.0 
1.7137708841985604 0.0 1.7160535851512004 0.0 0.0 
1.6760356479382277 0.0 1.6910721907211934 0.0 0.0 
1.6654719450999014 0.0 1.6764926422972757 0.0 0.0 
1.6863259435297684 0.0 1.6889585523057387 0.0 0.0 
1.6531671954357672 0.0 1.619271230100955 0.0 0.0 
1.5250255506260773 0.0 2.2183379477097374 0.0 0.0 
2.6659092749188695 0.0 1.504174008687416 0.0 0.0 
1.7304184724905316 0.0 1.5254025982913502 0.0 0.0 
1.4712223821928212 0.0 1.438497868806341 0.0 0.0 
1.3385185278824492 0.0 1.3704139916675016 1.3743408871269793 0.0 
1.378522568397519 0.0 1.391154571233299 0.0 0.0 
1.4356965181590455 0.0 1.3897168684711347 0.0 0.0 
1.3521482863428202 0.0 1.3100430200276105 0.0 0.0 
1.2235816601794187 0.0 1.5013043435159585 0.0 0.0 
1.523146677753267 0.0 1.2271573647351726 0.0 0.0 
1.4163241818420313 0.0 1.2134486422344861 0.0 0.0 
1.2074572678893447 0.0 1.1620610965328277 0.0 0.0 
1.074638555272547 0.0 1.784295880809144 0.0 0.0 
1.794075325304775 0.0 1.0632317432658356 0.0 0.0 
1.5173610644231135 0.0 1.0653157770526485 0.0 0.0 
1.0615087434055592 0.0 1.020268393789256 0.0 0.0 
0.9482889934369426 0.0 0.942326862777947 1.7663293556115964 0.0 
0.9681171746851663 0.0 0.9762787941678861 0.0 0.0 
1.0052396751325472 0.0 1.070280376486165 0.0 0.0 
1.008331799169195 0.0 1.0337951291144225 0.0 0.0 
1.0378888578482675 0.0 1.0434667090473735 0.0 0.0 
1.106092402478996 0.0 1.1031784477321533 0.0 0.0 
1.1535883941051934 0.0 1.2102879076357538 0.0 0.0 
1.1680384275641162 0.0 1.2042626883621395 0.0 0.0 
1.1610607063315543 0.0 1.635136657478105 0.0 0.0 
1.671021364369235 0.0 1.2203119281095298 0.0 0.0 
1.2453278953794236 0.0 1.2238954179243167 0.0 0.0 
1.2048726186564425 0.0 1.212323318038528 0.0 0.0 
1.1992769904941727 0.0 1.2023806184560466 0.0 0.0 
1.1985409346319185 0.0 1.2029129540338428 0.0 0.0 
1.2289764342147353 0.0 1.2024384167522313 0.0 0.0 
1.184279392593631 0.0 1.195109519350528 0.0 0.0 
1.1799194598748517 0.0 1.187872974312062 0.0 0.0 
1.1825928007225566 0.0 1.186261002363963 0.0 0.0 
1.1769628437768644 0.0 1.1856674499128212 0.0 0.0 
1.1702361698189865 0.0 1.1769423479637913 0.0 0.0 
1.159250707710277 0.0 1.1655017045667626 0.0 0.0 
1.1608366275846154 0.0 1.1687944405345478 0.0 0.0 
1.2189199190109932 0.0 1.1796097966526236 0.0 0.0 
1.1407706447802666 0.0 1.1609452660825965 0.0 0.0 
1.0964798469999864 0.0 1.2041823736004356 0.0 0.0 
1.1976139357143731 0.0 1.0749013821297644 0.0 0.0 
1.2301182529425252 0.0 1.060004431474037 0.0 0.0 
1.016083298598775 0.0 1.0120499015622797 0.0 0.0 
0.959554865784755 0.0 0.95623060844783 0.0 0.0 
0.9515948848543581 0.0 0.9453071252141547 0.0 0.0 
0.9672638145960241 0.0 0.9339726985411301 0.0 0.0 
0.9093106083868007 0.0 0.9080496550903399 0.0 0.0 
0.8665253214835184 0.0 0.8643468146241711 0.0 0.0 
0.8605034827105099 0.0 0.8566525276742873 0.0 0.0 
0.8560899309798291 0.0 0.8464748427312337 0.0 0.0 
0.8500869834166951 0.0 0.836506644241027 0.0 0.0 
0.7951236990578365 0.0 0.7999018082034318 0.7971985625278385 0.0 
0.8575062942944274 0.0 0.9100780768781194 0.0 0.0 
0.897048975160258 0.0 0.918838048187411 0.0 0.0 
0.9017358514826089 0.0 1.8944640479103203 0.0 0.0 
0.9081435162734066 0.0 0.9113150005260461 0.0 0.0 
0.9795914583613097 0.0 1.0200348852498076 0.0 0.0 
1.0280159377617786 0.0 1.4708060402074987 0.0 0.0 
1.0385774109952348 0.0 1.6248501511577433 0.0 0.0 
1.6336398305500879 0.0 1.027920917034697 0.0 0.0 
1.1091358896302292 0.0 1.130118911942074 0.0 0.0 
1.152543056450971 0.0 1.2925337554040577 0.0 0.0 
1.178468918418542 0.0 1.173936594103541 0.0 0.0 
1.1796847784442976 0.0 1.17836859391091 1.1832351980351514 0.0 
1.2383425319541983 0.0 1.258194789140408 0.0 0.0 
1.3119741374386649 0.0 1.678745705434609 0.0 0.0 
1.3294154088497938 0.0 1.9289067591823035 0.0 0.0 
1.917858614454315 0.0 1.3163808875983627 0.0 0.0 
1.4362106492258186 0.0 1.35914448052882 0.0 0.0 
1.392649479636829 0.0 1.3930577195262608 0.0 0.0 
1.4161253478012807 0.0 2.419025271054479 0.0 0.0 
1.445242129243506 0.0 1.4360253932732512 0.0 0.0 
1.4880444271324402 0.0 1.4778145126424647 0.0 0.0 
1.525151541220418 0.0 1.533123298537253 0.0 0.0 
1.5650943152555334 0.0 2.2051409889196885 0.0 0.0 
1.7923162317755226 0.0 1.5635018864901578 0.0 0.0 
1.601550732392706 0.0 1.6023702065363477 0.0 0.0 
1.6321194976344884 0.0 1.6579058212047242 0.0 0.0 
1.6719653235824858 0.0 1.6673260152304241 0.0 0.0 
1.6739114333574117 0.0 2.0716577567864447 0.0 0.0 
2.932110097281013 0.0 1.668706217571775 0.0 0.0 
1.7567166035478645 0.0 1.6744072045485185 0.0 0.0 
1.6514863617583764 0.0 1.653929115667943 0.0 0.0 
1.6288550423564865 0.0 0.0 1.9437812986478578 0.0 
0.0 0.0 0.0 0.0 0.0 
